1.452999999999999936e+01
3.770000000000000018e+00
2.629999999999999893e+00
2.603333333333333499e+00
2.580000000000000071e+00
1.036666666666666625e+00
1.333333333333333259e+00
2.483333333333333393e+00
2.593333333333333268e+00
1.030000000000000027e+00
8.066666666666666430e-01
9.899999999999999911e-01
1.433333333333333348e+00
7.333333333333332815e-01
1.100000000000000089e+00
2.693333333333333357e+00
2.896666666666666501e+00
9.233333333333333393e-01
5.866666666666666696e-01
9.000000000000000222e-01
7.500000000000000000e-01
3.866666666666666585e-01
5.666666666666666519e-01
1.046666666666666634e+00
1.469999999999999973e+00
6.899999999999999467e-01
5.233333333333333171e-01
7.500000000000000000e-01
1.156666666666666732e+00
8.166666666666666519e-01
1.260000000000000009e+00
4.093333333333333712e+00
3.259999999999999787e+00
1.110000000000000098e+00
7.566666666666667096e-01
9.333333333333333481e-01
7.633333333333333082e-01
4.033333333333333215e-01
5.266666666666666163e-01
1.053333333333333233e+00
9.399999999999999467e-01
3.833333333333333592e-01
3.233333333333333059e-01
4.799999999999999822e-01
5.899999999999999689e-01
3.533333333333333326e-01
5.733333333333333615e-01
1.683333333333333348e+00
1.896666666666666723e+00
6.999999999999999556e-01
4.733333333333333282e-01
8.133333333333333526e-01
5.999999999999999778e-01
4.299999999999999933e-01
5.533333333333333437e-01
1.419999999999999929e+00
1.336666666666666670e+00
8.299999999999999600e-01
6.166666666666666963e-01
1.100000000000000089e+00
1.476666666666666572e+00
1.340000000000000080e+00
1.926666666666666750e+00
9.413333333333333997e+00
9.243333333333334068e+00
2.676666666666666750e+00
1.826666666666666661e+00
2.169999999999999929e+00
1.806666666666666643e+00
8.133333333333333526e-01
1.239999999999999991e+00
2.196666666666666767e+00
1.969999999999999973e+00
8.100000000000000533e-01
5.966666666666666785e-01
9.533333333333333659e-01
1.226666666666666572e+00
7.866666666666666252e-01
1.123333333333333295e+00
3.633333333333333304e+00
2.313333333333333464e+00
7.866666666666666252e-01
7.166666666666666741e-01
8.800000000000000044e-01
6.999999999999999556e-01
4.633333333333333193e-01
5.366666666666666252e-01
1.336666666666666670e+00
1.443333333333333357e+00
8.366666666666666696e-01
5.166666666666667185e-01
1.223333333333333384e+00
1.469999999999999973e+00
1.260000000000000009e+00
1.969999999999999973e+00
9.023333333333333428e+00
8.089999999999999858e+00
4.813333333333333464e+00
5.583333333333333037e+00
9.179999999999999716e+00
1.288000000000000078e+01
1.958666666666666600e+01
3.125666666666666771e+01
4.707666666666666799e+01
6.797666666666667368e+01
9.098333333333333428e+01
1.147566666666666606e+02
1.343733333333333348e+02
1.566899999999999977e+02
1.742666666666666799e+02
1.951733333333333462e+02
2.070699999999999932e+02
2.130466666666666526e+02
1.989199999999999875e+02
1.912066666666666777e+02
1.800966666666666640e+02
1.718866666666666561e+02
1.584433333333333280e+02
1.482199999999999989e+02
1.385833333333333428e+02
1.309033333333333360e+02
1.292800000000000011e+02
1.445433333333333223e+02
1.979699999999999989e+02
3.253433333333333053e+02
6.620066666666666606e+02
1.706069999999999936e+03
6.303186666666666497e+03
1.095446999999999935e+04
2.914122999999999956e+04
5.376586666666667043e+03
1.933333333333333258e+03
9.111599999999999682e+02
4.263000000000000114e+02
2.309333333333333371e+02
1.317666666666666799e+02
1.014333333333333371e+02
6.260999999999999943e+01
5.260666666666666913e+01
3.908333333333333570e+01
3.387666666666666515e+01
2.678333333333333499e+01
2.537666666666666515e+01
2.769333333333333158e+01
2.854666666666666686e+01
2.076333333333333186e+01
1.923333333333333428e+01
1.698999999999999844e+01
1.652666666666666728e+01
1.441999999999999993e+01
1.424666666666666615e+01
1.283666666666666600e+01
1.310333333333333350e+01
9.539999999999999147e+00
7.706666666666666998e+00
7.240000000000000213e+00
7.490000000000000213e+00
5.653333333333333321e+00
5.696666666666666323e+00
1.083999999999999986e+01
1.356000000000000050e+01
5.233333333333333393e+00
3.310000000000000053e+00
2.970000000000000195e+00
2.750000000000000000e+00
1.459999999999999964e+00
7.926666666666666750e+00
7.758333333333332860e+01
3.550000000000000000e+01
1.622333333333333272e+01
1.026666666666666616e+00
2.976666666666666572e+00
3.920666666666666345e+01
1.356500000000000057e+02
2.805133333333333212e+02
2.347166666666666686e+02
1.131033333333333388e+02
2.838333333333333286e+01
1.595900000000000034e+02
3.666833333333333371e+02
3.180866666666666447e+02
2.158833333333333258e+02
8.626333333333333542e+01
2.172199999999999989e+02
2.739900000000000091e+02
1.961233333333333348e+02
1.479300000000000068e+02
1.405166666666666799e+02
1.256966666666666725e+02
1.098766666666666652e+02
9.626333333333333542e+01
5.070000000000000284e+01
9.866666666666667140e+00
2.726666666666666572e+00
1.899999999999999911e+00
1.886666666666666714e+00
1.893333333333333313e+00
8.566666666666666874e-01
9.799999999999999822e-01
1.553333333333333233e+00
1.753333333333333410e+00
7.533333333333332993e-01
6.233333333333332948e-01
6.800000000000000488e-01
9.666666666666666741e-01
5.766666666666666607e-01
7.933333333333333348e-01
1.856666666666666687e+00
2.376666666666666483e+00
7.566666666666667096e-01
5.999999999999999778e-01
6.400000000000000133e-01
6.800000000000000488e-01
3.233333333333333059e-01
4.099999999999999756e-01
8.000000000000000444e-01
1.169999999999999929e+00
5.000000000000000000e-01
3.833333333333333592e-01
6.899999999999999467e-01
9.100000000000000311e-01
5.933333333333333792e-01
8.966666666666666119e-01
2.946666666666666767e+00
4.016666666666666607e+00
1.396666666666666723e+00
1.133333333333333304e+00
1.123333333333333295e+00
9.666666666666666741e-01
4.766666666666666829e-01
5.766666666666666607e-01
1.213333333333333375e+00
1.080000000000000071e+00
5.266666666666666163e-01
4.000000000000000222e-01
5.333333333333333259e-01
8.599999999999999867e-01
4.899999999999999911e-01
7.199999999999999734e-01
2.390000000000000124e+00
2.986666666666666803e+00
1.246666666666666590e+00
8.199999999999999512e-01
1.070000000000000062e+00
8.399999999999999689e-01
5.533333333333333437e-01
7.166666666666666741e-01
1.846666666666666679e+00
2.396666666666666501e+00
1.246666666666666590e+00
9.566666666666666652e-01
1.746666666666666590e+00
2.436666666666666536e+00
1.959999999999999964e+00
2.976666666666666572e+00
1.490333333333333421e+01
