1.000000000000000000e+00 1.600000000000000033e-02
2.000000000000000000e+00 1.605660377358490709e-02
3.000000000000000000e+00 1.621132075471698117e-02
4.000000000000000000e+00 1.652075471698113279e-02
5.000000000000000000e+00 1.703647798742138203e-02
6.000000000000000000e+00 1.769937106918239092e-02
7.000000000000000000e+00 1.838490566037735696e-02
8.000000000000000000e+00 1.923647798742138260e-02
9.000000000000000000e+00 2.017484276729559697e-02
1.000000000000000000e+01 2.125534591194968431e-02
1.100000000000000000e+01 2.239748427672955816e-02
1.200000000000000000e+01 2.361635220125786125e-02
1.300000000000000000e+01 2.485911949685534750e-02
1.400000000000000000e+01 2.616981132075471561e-02
1.500000000000000000e+01 2.740880503144654118e-02
1.600000000000000000e+01 2.884276729559748578e-02
1.700000000000000000e+01 3.047169811320754595e-02
1.800000000000000000e+01 3.180754716981132324e-02
1.900000000000000000e+01 3.315094339622641495e-02
2.000000000000000000e+01 3.467924528301886966e-02
2.100000000000000000e+01 3.631320754716980959e-02
2.200000000000000000e+01 3.770566037735849363e-02
2.300000000000000000e+01 3.935723270440251442e-02
2.400000000000000000e+01 4.064025157232704216e-02
2.500000000000000000e+01 4.198490566037735988e-02
2.600000000000000000e+01 4.341006289308176058e-02
2.700000000000000000e+01 4.480628930817610184e-02
2.800000000000000000e+01 4.643270440251572040e-02
2.900000000000000000e+01 4.787295597484276383e-02
3.000000000000000000e+01 4.913333333333333441e-02
3.100000000000000000e+01 5.043144654088050488e-02
3.200000000000000000e+01 5.159245283018867867e-02
3.300000000000000000e+01 5.321132075471698281e-02
3.400000000000000000e+01 5.410440251572327247e-02
3.500000000000000000e+01 5.576477987421383370e-02
3.600000000000000000e+01 5.693081761006289071e-02
3.700000000000000000e+01 5.768553459119497157e-02
3.800000000000000000e+01 5.952201257861635536e-02
3.900000000000000000e+01 6.026792452830188884e-02
4.000000000000000000e+01 6.110062893081760760e-02
4.100000000000000000e+01 6.263647798742137673e-02
4.200000000000000000e+01 6.408427672955974153e-02
4.300000000000000000e+01 6.502012578616352123e-02
4.400000000000000000e+01 6.627547169811320860e-02
4.500000000000000000e+01 6.720503144654088601e-02
4.600000000000000000e+01 6.849559748427673511e-02
4.700000000000000000e+01 6.912704402515723601e-02
4.800000000000000000e+01 6.986415094339622212e-02
4.900000000000000000e+01 7.236226415094339226e-02
5.000000000000000000e+01 7.252955974842767439e-02
5.100000000000000000e+01 7.266540880503144506e-02
5.200000000000000000e+01 7.508805031446541545e-02
5.300000000000000000e+01 7.573081761006289492e-02
5.400000000000000000e+01 7.629937106918238676e-02
5.500000000000000000e+01 7.756855345911949084e-02
5.600000000000000000e+01 7.901132075471697935e-02
5.700000000000000000e+01 7.988050314465408586e-02
5.800000000000000000e+01 8.186415094339623277e-02
5.900000000000000000e+01 8.257987421383647386e-02
6.000000000000000000e+01 8.366037735849056467e-02
6.100000000000000000e+01 8.532830188679245420e-02
6.200000000000000000e+01 8.605786163522012588e-02
6.300000000000000000e+01 8.830440251572327370e-02
6.400000000000000000e+01 8.928553459119496771e-02
6.500000000000000000e+01 9.116477987421384155e-02
6.600000000000000000e+01 9.208301886792452651e-02
6.700000000000000000e+01 9.348930817610062727e-02
6.800000000000000000e+01 9.589811320754716706e-02
6.900000000000000000e+01 9.669182389937107380e-02
7.000000000000000000e+01 9.964905660377358643e-02
7.100000000000000000e+01 1.010452830188679207e-01
7.200000000000000000e+01 1.030679245283018935e-01
7.300000000000000000e+01 1.047358490566037692e-01
7.400000000000000000e+01 1.087295597484276705e-01
7.500000000000000000e+01 1.090314465408804973e-01
7.600000000000000000e+01 1.112566037735849001e-01
7.700000000000000000e+01 1.156264150943396157e-01
7.800000000000000000e+01 1.172566037735849054e-01
7.900000000000000000e+01 1.201157232704402472e-01
8.000000000000000000e+01 1.223031446540880501e-01
8.100000000000000000e+01 1.270251572327044109e-01
