-2.358231611083770954e-03
-2.357454803086779082e-03
-2.356160312628980801e-03
-2.354348423972456132e-03
-2.352019534996721735e-03
-2.349174157111360694e-03
-2.345812915143716954e-03
-2.341936547201690835e-03
-2.337545904511652110e-03
-2.332641951231518782e-03
-2.327225764239030173e-03
-2.321298532895275501e-03
-2.314861558783513906e-03
-2.307916255423358379e-03
-2.300464147960371714e-03
-2.292506872831194184e-03
-2.284046177404006062e-03
-2.275083919595185817e-03
-2.265622067460953612e-03
-2.255662698765383088e-03
-2.245208000524102302e-03
-2.234260268524036405e-03
-2.222821906819266204e-03
-2.210895427203115379e-03
-2.198483448656575207e-03
-2.185588696773192556e-03
-2.172214003160545179e-03
-2.158362304818440061e-03
-2.144036643493966218e-03
-2.129240165013545922e-03
-2.113976118592129222e-03
-2.098247856119666178e-03
-2.082058831425158667e-03
-2.065412599518011167e-03
-2.048312815807580393e-03
-2.030763235300366530e-03
-2.012767711775458827e-03
-1.994330196938268532e-03
-1.975454739552759496e-03
-1.956145484552362489e-03
-1.936406672129777941e-03
-1.916242636805852049e-03
-1.895657806477743989e-03
-1.874656701446587815e-03
-1.853243933424861354e-03
-1.831424204523684780e-03
-1.809202306220262461e-03
-1.786583118305673209e-03
-1.763571607813469496e-03
-1.740172827928602095e-03
-1.716391916878119055e-03
-1.692234096802667804e-03
-1.667704672609781995e-03
-1.642809030808955279e-03
-1.617552638328798205e-03
-1.591941041316534324e-03
-1.565979863920099850e-03
-1.539674807053117251e-03
-1.513031647143007769e-03
-1.486056234862526484e-03
-1.458754493844987730e-03
-1.431132419383475103e-03
-1.403196077114309730e-03
-1.374951601685055636e-03
-1.346405195407488539e-03
-1.317563126895406620e-03
-1.288431729688282491e-03
-1.259017400860355405e-03
-1.229326599615895767e-03
-1.199365845870803068e-03
-1.169141718820871159e-03
-1.138660855497039852e-03
-1.107929949307943137e-03
-1.076955748570078203e-03
-1.045745055025916383e-03
-1.014304722350284349e-03
-9.826416546453370978e-04
-9.507628049244628730e-04
-9.186751735854417926e-04
-8.863858068731835611e-04
-8.539017953325145913e-04
-8.212302722509407004e-04
-7.883784120924177590e-04
-7.553534289217869258e-04
-7.221625748206291807e-04
-6.888131382947542628e-04
-6.553124426736884126e-04
-6.216678445025180556e-04
-5.878867319264374563e-04
-5.539765230683578023e-04
-5.199446643999337727e-04
-4.857986291063641298e-04
-4.515459154453267763e-04
-4.171940451004079093e-04
-3.827505615293866890e-04
-3.482230283077070252e-04
-3.136190274677221144e-04
-2.789461578334098842e-04
-2.442120333520351083e-04
-2.094242814220159731e-04
-1.745905412180255762e-04
-1.397184620134770295e-04
-1.048157015007904452e-04
-6.988992410981068157e-05
-3.494879932474667601e-05
6.546126324440781239e-20
3.494879932474680476e-05
6.988992410981076289e-05
1.048157015007904723e-04
1.397184620134771108e-04
1.745905412180256305e-04
2.094242814220167049e-04
2.442120333520351625e-04
2.789461578334099384e-04
3.136190274677223312e-04
3.482230283077386839e-04
3.827505615293866890e-04
4.171940451004079093e-04
4.515459154453267763e-04
4.857986291063640214e-04
5.199446643999336643e-04
5.539765230683576938e-04
5.878867319264374563e-04
6.216678445025179472e-04
6.553124426736884126e-04
6.888131382947542628e-04
7.221625748206292892e-04
7.553534289217958162e-04
7.883784120924173253e-04
8.212302722509403751e-04
8.539017953325145913e-04
8.863858068732030767e-04
9.186751735854411420e-04
9.507628049244624393e-04
9.826416546453368810e-04
1.014304722350283698e-03
1.045745055025916383e-03
1.076955748570077986e-03
1.107929949307942920e-03
1.138660855497039852e-03
1.169141718820870725e-03
1.199365845870802852e-03
1.229326599615895767e-03
1.259017400860349767e-03
1.288431729688282274e-03
1.317563126895406620e-03
1.346405195407488539e-03
1.374951601685075369e-03
1.403196077114309513e-03
1.431132419383474670e-03
1.458754493844987296e-03
1.486056234862526051e-03
1.513031647143007769e-03
1.539674807053117251e-03
1.565979863920099850e-03
1.591941041316534324e-03
1.617552638328798205e-03
1.642809030808955279e-03
1.667704672609781778e-03
1.692234096802665419e-03
1.716391916878119272e-03
1.740172827928602095e-03
1.763571607813469496e-03
1.786583118305707903e-03
1.809202306220262461e-03
1.831424204523684780e-03
1.853243933424862004e-03
1.874656701446587815e-03
1.895657806477743989e-03
1.916242636805852266e-03
1.936406672129778374e-03
1.956145484552362923e-03
1.975454739552759496e-03
1.994330196938269399e-03
2.012767711775459260e-03
2.030763235300362193e-03
2.048312815807580393e-03
2.065412599518011167e-03
2.082058831425159535e-03
2.098247856119686994e-03
2.113976118592128788e-03
2.129240165013545922e-03
2.144036643493966218e-03
2.158362304818439627e-03
2.172214003160544745e-03
2.185588696773192122e-03
2.198483448656575207e-03
2.210895427203115379e-03
2.222821906819265770e-03
2.234260268524036405e-03
2.245208000524102302e-03
2.255662698765373547e-03
2.265622067460953178e-03
2.275083919595185817e-03
2.284046177404006495e-03
2.292506872831157755e-03
2.300464147960371714e-03
2.307916255423358379e-03
2.314861558783514340e-03
2.321298532895275501e-03
2.327225764239030173e-03
2.332641951231519215e-03
2.337545904511652978e-03
2.341936547201691268e-03
2.345812915143716954e-03
2.349174157111360694e-03
2.352019534996722169e-03
2.354348423972458734e-03
2.356160312628980801e-03
2.357454803086779082e-03
2.358231611083771388e-03
2.358490566037735759e-03
2.358231611083770520e-03
2.357454803086779082e-03
2.356160312628980801e-03
2.354348423972456132e-03
2.352019534996722169e-03
2.349174157111360694e-03
2.345812915143717387e-03
2.341936547201690835e-03
2.337545904511652544e-03
2.332641951231518782e-03
2.327225764239030173e-03
2.321298532895277236e-03
2.314861558783514340e-03
2.307916255423358379e-03
2.300464147960372147e-03
2.292506872831157321e-03
2.284046177404005628e-03
2.275083919595185383e-03
2.265622067460953178e-03
2.255662698765383088e-03
2.245208000524102736e-03
2.234260268524036405e-03
2.222821906819265770e-03
2.210895427203115379e-03
2.198483448656575207e-03
2.185588696773191689e-03
2.172214003160544311e-03
2.158362304818439627e-03
2.144036643493966651e-03
2.129240165013545922e-03
2.113976118592129222e-03
2.098247856119686561e-03
2.082058831425158667e-03
2.065412599518011167e-03
2.048312815807580393e-03
2.030763235300366530e-03
2.012767711775459260e-03
1.994330196938268965e-03
1.975454739552759496e-03
1.956145484552362923e-03
1.936406672129778158e-03
1.916242636805852049e-03
1.895657806477743989e-03
1.874656701446586948e-03
1.853243933424862004e-03
1.831424204523684780e-03
1.809202306220262678e-03
1.786583118305707903e-03
1.763571607813469279e-03
1.740172827928601878e-03
1.716391916878119055e-03
1.692234096802667804e-03
1.667704672609781995e-03
1.642809030808955496e-03
1.617552638328798422e-03
1.591941041316534541e-03
1.565979863920099850e-03
1.539674807053117035e-03
1.513031647143007769e-03
1.486056234862525400e-03
1.458754493844987730e-03
1.431132419383475103e-03
1.403196077114309730e-03
1.374951601685075802e-03
1.346405195407488539e-03
1.317563126895406620e-03
1.288431729688282274e-03
1.259017400860355405e-03
1.229326599615895767e-03
1.199365845870803068e-03
1.169141718820871159e-03
1.138660855497039635e-03
1.107929949307943137e-03
1.076955748570077769e-03
1.045745055025916167e-03
1.014304722350274374e-03
9.826416546453370978e-04
9.507628049244628730e-04
9.186751735854416841e-04
8.863858068732031852e-04
8.539017953325145913e-04
8.212302722509405919e-04
7.883784120924177590e-04
7.553534289217869258e-04
7.221625748206292892e-04
6.888131382947543712e-04
6.553124426736884126e-04
6.216678445025180556e-04
5.878867319264374563e-04
5.539765230683578023e-04
5.199446643999337727e-04
4.857986291063661356e-04
4.515459154453267763e-04
4.171940451004079093e-04
3.827505615293866348e-04
3.482230283077387923e-04
3.136190274677221686e-04
2.789461578334098842e-04
2.442120333520352168e-04
2.094242814220160273e-04
1.745905412180256033e-04
1.397184620134770837e-04
1.048157015007904045e-04
6.988992410981069512e-05
3.494879932474675055e-05
0.000000000000000000e+00
-3.494879932474674378e-05
-6.988992410981709192e-05
-1.048157015007903503e-04
-1.397184620134770295e-04
-1.745905412180257389e-04
-2.094242814220159731e-04
-2.442120333520351625e-04
-2.789461578334098842e-04
-3.136190274677221686e-04
-3.482230283077386839e-04
-3.827505615293866348e-04
-4.171940451004079635e-04
-4.515459154453268305e-04
-4.857986291063641298e-04
-5.199446643999335559e-04
-5.539765230683576938e-04
-5.878867319264372395e-04
-6.216678445025190314e-04
-6.553124426736884126e-04
-6.888131382947542628e-04
-7.221625748206295060e-04
-7.553534289217867089e-04
-7.883784120924175421e-04
-8.212302722509403751e-04
-8.539017953325145913e-04
-8.863858068732030767e-04
-9.186751735854415757e-04
-9.507628049244628730e-04
-9.826416546453370978e-04
-1.014304722350284132e-03
-1.045745055025916167e-03
-1.076955748570077769e-03
-1.107929949307943137e-03
-1.138660855497040068e-03
-1.169141718820871159e-03
-1.199365845870803068e-03
-1.229326599615896201e-03
-1.259017400860355405e-03
-1.288431729688282274e-03
-1.317563126895406620e-03
-1.346405195407488539e-03
-1.374951601685075802e-03
-1.403196077114309730e-03
-1.431132419383475320e-03
-1.458754493844987730e-03
-1.486056234862526051e-03
-1.513031647143007769e-03
-1.539674807053117035e-03
-1.565979863920100067e-03
-1.591941041316542564e-03
-1.617552638328798205e-03
-1.642809030808955279e-03
-1.667704672609781995e-03
-1.692234096802667804e-03
-1.716391916878118621e-03
-1.740172827928601661e-03
-1.763571607813469279e-03
-1.786583118305707252e-03
-1.809202306220262461e-03
-1.831424204523684780e-03
-1.853243933424861571e-03
-1.874656701446587815e-03
-1.895657806477743772e-03
-1.916242636805851832e-03
-1.936406672129777941e-03
-1.956145484552368995e-03
-1.975454739552759496e-03
-1.994330196938268965e-03
-2.012767711775459260e-03
-2.030763235300366530e-03
-2.048312815807580393e-03
-2.065412599518011167e-03
-2.082058831425159101e-03
-2.098247856119686994e-03
-2.113976118592128788e-03
-2.129240165013545922e-03
-2.144036643493966651e-03
-2.158362304818440061e-03
-2.172214003160544311e-03
-2.185588696773191689e-03
-2.198483448656575207e-03
-2.210895427203119715e-03
-2.222821906819265770e-03
-2.234260268524036405e-03
-2.245208000524102736e-03
-2.255662698765383088e-03
-2.265622067460952311e-03
-2.275083919595184950e-03
-2.284046177404006062e-03
-2.292506872831157321e-03
-2.300464147960371714e-03
-2.307916255423358379e-03
-2.314861558783514340e-03
-2.321298532895275501e-03
-2.327225764239030173e-03
-2.332641951231518782e-03
-2.337545904511652544e-03
-2.341936547201697340e-03
-2.345812915143716954e-03
-2.349174157111360694e-03
-2.352019534996722169e-03
-2.354348423972456132e-03
-2.356160312628980368e-03
-2.357454803086778648e-03
-2.358231611083770520e-03
-2.358490566037735325e-03
-2.358231611083770954e-03
-2.357454803086779082e-03
-2.356160312628980801e-03
-2.354348423972456132e-03
-2.352019534996721735e-03
-2.349174157111360694e-03
-2.345812915143716954e-03
-2.341936547201697340e-03
-2.337545904511652544e-03
-2.332641951231518782e-03
-2.327225764239030173e-03
-2.321298532895275501e-03
-2.314861558783514340e-03
-2.307916255423358379e-03
-2.300464147960371714e-03
-2.292506872831157321e-03
-2.284046177404006062e-03
-2.275083919595185817e-03
-2.265622067460953178e-03
-2.255662698765383088e-03
-2.245208000524102302e-03
-2.234260268524036405e-03
-2.222821906819265770e-03
-2.210895427203119715e-03
-2.198483448656575207e-03
-2.185588696773191689e-03
-2.172214003160544745e-03
-2.158362304818439627e-03
-2.144036643493965784e-03
-2.129240165013545922e-03
-2.113976118592128788e-03
-2.098247856119686561e-03
-2.082058831425158667e-03
-2.065412599518011167e-03
-2.048312815807580393e-03
-2.030763235300366964e-03
-2.012767711775458827e-03
-1.994330196938268965e-03
-1.975454739552759496e-03
-1.956145484552368995e-03
-1.936406672129777941e-03
-1.916242636805852049e-03
-1.895657806477743989e-03
-1.874656701446588032e-03
-1.853243933424861571e-03
-1.831424204523684780e-03
-1.809202306220262678e-03
-1.786583118305707469e-03
-1.763571607813469279e-03
-1.740172827928602095e-03
-1.716391916878119055e-03
-1.692234096802667804e-03
-1.667704672609781995e-03
-1.642809030808955279e-03
-1.617552638328798422e-03
-1.591941041316542564e-03
-1.565979863920099850e-03
-1.539674807053117035e-03
-1.513031647143007769e-03
-1.486056234862526051e-03
-1.458754493844987296e-03
-1.431132419383474670e-03
-1.403196077114309513e-03
-1.374951601685075369e-03
-1.346405195407488539e-03
-1.317563126895406620e-03
-1.288431729688282274e-03
-1.259017400860355405e-03
-1.229326599615895767e-03
-1.199365845870802852e-03
-1.169141718820870942e-03
-1.138660855497040068e-03
-1.107929949307942920e-03
-1.076955748570077769e-03
-1.045745055025916383e-03
-1.014304722350284132e-03
-9.826416546453368810e-04
-9.507628049244626562e-04
-9.186751735854415757e-04
-8.863858068732031852e-04
-8.539017953325144829e-04
-8.212302722509405919e-04
-7.883784120924176506e-04
-7.553534289217868174e-04
-7.221625748206291807e-04
-6.888131382947542628e-04
-6.553124426736883041e-04
-6.216678445025190314e-04
-5.878867319264373479e-04
-5.539765230683576938e-04
-5.199446643999336643e-04
-4.857986291063640756e-04
-4.515459154453267221e-04
-4.171940451004078551e-04
-3.827505615293866890e-04
-3.482230283077386839e-04
-3.136190274677221144e-04
-2.789461578334098842e-04
-2.442120333520351625e-04
-2.094242814220160002e-04
-1.745905412180256033e-04
-1.397184620134770837e-04
-1.048157015007904316e-04
-6.988992410981709192e-05
-3.494879932474664213e-05
6.546126324440781239e-20
3.494879932474690641e-05
6.988992410981074933e-05
1.048157015007904723e-04
1.397184620134771650e-04
1.745905412180256576e-04
2.094242814220161086e-04
2.442120333520352710e-04
2.789461578334100468e-04
3.136190274677223312e-04
3.482230283077388465e-04
3.827505615293867432e-04
4.171940451004079635e-04
4.515459154453268847e-04
4.857986291063661356e-04
5.199446643999336643e-04
5.539765230683576938e-04
5.878867319264374563e-04
6.216678445025179472e-04
6.553124426736883041e-04
6.888131382947541544e-04
7.221625748206291807e-04
7.553534289217868174e-04
7.883784120924176506e-04
8.212302722509407004e-04
8.539017953325145913e-04
8.863858068732031852e-04
9.186751735854415757e-04
9.507628049244627646e-04
9.826416546453370978e-04
1.014304722350274374e-03
1.045745055025916383e-03
1.076955748570077986e-03
1.107929949307943137e-03
1.138660855497040068e-03
1.169141718820871159e-03
1.199365845870803068e-03
1.229326599615895767e-03
1.259017400860355188e-03
1.288431729688282491e-03
1.317563126895407053e-03
1.346405195407488755e-03
1.374951601685075802e-03
1.403196077114309730e-03
1.431132419383475103e-03
1.458754493844987296e-03
1.486056234862525400e-03
1.513031647143007769e-03
1.539674807053117035e-03
1.565979863920100067e-03
1.591941041316534324e-03
1.617552638328798205e-03
1.642809030808955063e-03
1.667704672609781778e-03
1.692234096802667587e-03
1.716391916878118621e-03
1.740172827928602095e-03
1.763571607813469496e-03
1.786583118305707903e-03
1.809202306220262461e-03
1.831424204523684780e-03
1.853243933424862004e-03
1.874656701446586948e-03
1.895657806477743989e-03
1.916242636805852049e-03
1.936406672129778158e-03
1.956145484552362489e-03
1.975454739552759496e-03
1.994330196938268965e-03
2.012767711775458827e-03
2.030763235300366530e-03
2.048312815807580393e-03
2.065412599518011167e-03
2.082058831425159101e-03
2.098247856119686994e-03
2.113976118592128788e-03
2.129240165013545922e-03
2.144036643493966218e-03
2.158362304818439627e-03
2.172214003160544311e-03
2.185588696773192122e-03
2.198483448656575207e-03
2.210895427203115379e-03
2.222821906819265770e-03
2.234260268524035972e-03
2.245208000524102736e-03
2.255662698765383088e-03
2.265622067460953178e-03
2.275083919595185817e-03
2.284046177404006495e-03
2.292506872831157755e-03
2.300464147960371714e-03
2.307916255423358379e-03
2.314861558783514340e-03
2.321298532895277236e-03
2.327225764239030173e-03
2.332641951231519215e-03
2.337545904511652978e-03
2.341936547201690835e-03
2.345812915143716954e-03
2.349174157111360694e-03
2.352019534996721735e-03
2.354348423972456132e-03
2.356160312628980801e-03
2.357454803086779082e-03
2.358231611083771388e-03
2.358490566037736193e-03
2.358231611083770954e-03
2.357454803086779082e-03
2.356160312628980801e-03
2.354348423972458734e-03
2.352019534996721735e-03
2.349174157111360694e-03
2.345812915143717387e-03
2.341936547201690835e-03
2.337545904511652110e-03
2.332641951231518782e-03
2.327225764239030173e-03
2.321298532895275067e-03
2.314861558783514340e-03
2.307916255423358813e-03
2.300464147960372147e-03
2.292506872831157755e-03
2.284046177404006062e-03
2.275083919595185817e-03
2.265622067460953178e-03
2.255662698765373547e-03
2.245208000524102736e-03
2.234260268524036405e-03
2.222821906819266204e-03
2.210895427203115379e-03
2.198483448656574774e-03
2.185588696773191689e-03
2.172214003160544745e-03
2.158362304818439627e-03
2.144036643493966651e-03
2.129240165013546356e-03
2.113976118592129222e-03
2.098247856119687428e-03
2.082058831425158667e-03
2.065412599518011167e-03
2.048312815807580393e-03
2.030763235300362193e-03
2.012767711775459260e-03
1.994330196938269399e-03
1.975454739552759929e-03
1.956145484552362923e-03
1.936406672129778158e-03
1.916242636805851832e-03
1.895657806477743989e-03
1.874656701446587815e-03
1.853243933424862004e-03
1.831424204523685213e-03
1.809202306220262678e-03
1.786583118305707903e-03
1.763571607813469279e-03
1.740172827928601878e-03
1.716391916878119055e-03
1.692234096802665419e-03
1.667704672609781778e-03
1.642809030808955063e-03
1.617552638328798422e-03
1.591941041316534324e-03
1.565979863920099633e-03
1.539674807053116601e-03
1.513031647143007552e-03
1.486056234862525834e-03
1.458754493844987296e-03
1.431132419383475103e-03
1.403196077114309513e-03
1.374951601685075802e-03
1.346405195407488322e-03
1.317563126895406403e-03
1.288431729688282274e-03
1.259017400860349767e-03
1.229326599615895767e-03
1.199365845870803068e-03
1.169141718820871159e-03
1.138660855497039635e-03
1.107929949307942920e-03
1.076955748570077986e-03
1.045745055025916383e-03
1.014304722350284132e-03
9.826416546453370978e-04
9.507628049244626562e-04
9.186751735854416841e-04
8.863858068732031852e-04
8.539017953325145913e-04
8.212302722509405919e-04
7.883784120924176506e-04
7.553534289217958162e-04
7.221625748206291807e-04
6.888131382947542628e-04
6.553124426736884126e-04
6.216678445025179472e-04
5.878867319264372395e-04
5.539765230683576938e-04
5.199446643999336643e-04
4.857986291063640756e-04
4.515459154453267221e-04
4.171940451004079093e-04
3.827505615293866348e-04
3.482230283077387923e-04
3.136190274677221686e-04
2.789461578334099384e-04
2.442120333520352168e-04
2.094242814220167049e-04
1.745905412180256033e-04
1.397184620134770837e-04
1.048157015007904045e-04
6.988992410981074933e-05
3.494879932474670989e-05
0.000000000000000000e+00
-3.494879932474677766e-05
-6.988992410981070868e-05
-1.048157015007905130e-04
-1.397184620134771650e-04
-1.745905412180256576e-04
-2.094242814220160815e-04
-2.442120333520352168e-04
-2.789461578334099384e-04
-3.136190274677222228e-04
-3.482230283077070252e-04
-3.827505615293866890e-04
-4.171940451004079635e-04
-4.515459154453269931e-04
-4.857986291063642382e-04
-5.199446643999337727e-04
-5.539765230683578023e-04
-5.878867319264375647e-04
-6.216678445025180556e-04
-6.553124426736884126e-04
-6.888131382947545881e-04
-7.221625748206296144e-04
-7.553534289217869258e-04
-7.883784120924177590e-04
-8.212302722509407004e-04
-8.539017953325148081e-04
-8.863858068731835611e-04
-9.186751735854416841e-04
-9.507628049244628730e-04
-9.826416546453373146e-04
-1.014304722350284132e-03
-1.045745055025916383e-03
-1.076955748570077986e-03
-1.107929949307943137e-03
-1.138660855497039852e-03
-1.169141718820871159e-03
-1.199365845870803285e-03
-1.229326599615896201e-03
-1.259017400860355405e-03
-1.288431729688282274e-03
-1.317563126895406620e-03
-1.346405195407488539e-03
-1.374951601685055636e-03
-1.403196077114309513e-03
-1.431132419383474670e-03
-1.458754493844987730e-03
-1.486056234862525834e-03
-1.513031647143007552e-03
-1.539674807053117035e-03
-1.565979863920099850e-03
-1.591941041316534107e-03
-1.617552638328798205e-03
-1.642809030808955279e-03
-1.667704672609781995e-03
-1.692234096802667804e-03
-1.716391916878118621e-03
-1.740172827928601878e-03
-1.763571607813469062e-03
-1.786583118305673209e-03
-1.809202306220262678e-03
-1.831424204523684780e-03
-1.853243933424862221e-03
-1.874656701446588032e-03
-1.895657806477743772e-03
-1.916242636805852049e-03
-1.936406672129778158e-03
-1.956145484552362489e-03
-1.975454739552759496e-03
-1.994330196938269399e-03
-2.012767711775459260e-03
-2.030763235300366964e-03
-2.048312815807580393e-03
-2.065412599518011167e-03
-2.082058831425158667e-03
-2.098247856119666178e-03
-2.113976118592128788e-03
-2.129240165013545922e-03
-2.144036643493966651e-03
-2.158362304818439627e-03
-2.172214003160544311e-03
-2.185588696773191689e-03
-2.198483448656574774e-03
-2.210895427203115379e-03
-2.222821906819265770e-03
-2.234260268524036405e-03
-2.245208000524102736e-03
-2.255662698765383088e-03
-2.265622067460953178e-03
-2.275083919595185383e-03
-2.284046177404006062e-03
-2.292506872831194184e-03
-2.300464147960371714e-03
-2.307916255423358379e-03
-2.314861558783514340e-03
-2.321298532895275501e-03
-2.327225764239030173e-03
-2.332641951231518782e-03
-2.337545904511652544e-03
-2.341936547201690835e-03
-2.345812915143716954e-03
-2.349174157111360694e-03
-2.352019534996722169e-03
-2.354348423972456132e-03
-2.356160312628980801e-03
-2.357454803086779082e-03
-2.358231611083770954e-03
9.976415094339622369e-01
-2.358231611083770954e-03
-2.357454803086779082e-03
-2.356160312628980801e-03
-2.354348423972456132e-03
-2.352019534996722169e-03
-2.349174157111360694e-03
-2.345812915143716954e-03
-2.341936547201690835e-03
-2.337545904511652544e-03
-2.332641951231518782e-03
-2.327225764239030173e-03
-2.321298532895275501e-03
-2.314861558783514340e-03
-2.307916255423358379e-03
-2.300464147960371714e-03
-2.292506872831194184e-03
-2.284046177404006062e-03
-2.275083919595185383e-03
-2.265622067460953178e-03
-2.255662698765383088e-03
-2.245208000524102736e-03
-2.234260268524036405e-03
-2.222821906819265770e-03
-2.210895427203115379e-03
-2.198483448656574774e-03
-2.185588696773191689e-03
-2.172214003160544311e-03
-2.158362304818439627e-03
-2.144036643493966651e-03
-2.129240165013545922e-03
-2.113976118592128788e-03
-2.098247856119666178e-03
-2.082058831425158667e-03
-2.065412599518011167e-03
-2.048312815807580393e-03
-2.030763235300366964e-03
-2.012767711775459260e-03
-1.994330196938269399e-03
-1.975454739552759496e-03
-1.956145484552362489e-03
-1.936406672129778158e-03
-1.916242636805852049e-03
-1.895657806477743772e-03
-1.874656701446588032e-03
-1.853243933424862221e-03
-1.831424204523684780e-03
-1.809202306220262678e-03
-1.786583118305673209e-03
-1.763571607813469062e-03
-1.740172827928601878e-03
-1.716391916878118621e-03
-1.692234096802667804e-03
-1.667704672609781995e-03
-1.642809030808955279e-03
-1.617552638328798205e-03
-1.591941041316534107e-03
-1.565979863920099850e-03
-1.539674807053117035e-03
-1.513031647143007552e-03
-1.486056234862525834e-03
-1.458754493844987730e-03
-1.431132419383474670e-03
-1.403196077114309513e-03
-1.374951601685055636e-03
-1.346405195407488539e-03
-1.317563126895406620e-03
-1.288431729688282274e-03
-1.259017400860355405e-03
-1.229326599615896201e-03
-1.199365845870803285e-03
-1.169141718820871159e-03
-1.138660855497039852e-03
-1.107929949307943137e-03
-1.076955748570077986e-03
-1.045745055025916383e-03
-1.014304722350284132e-03
-9.826416546453373146e-04
-9.507628049244628730e-04
-9.186751735854416841e-04
-8.863858068731835611e-04
-8.539017953325148081e-04
-8.212302722509407004e-04
-7.883784120924177590e-04
-7.553534289217869258e-04
-7.221625748206296144e-04
-6.888131382947545881e-04
-6.553124426736884126e-04
-6.216678445025180556e-04
-5.878867319264375647e-04
-5.539765230683578023e-04
-5.199446643999337727e-04
-4.857986291063642382e-04
-4.515459154453269931e-04
-4.171940451004079635e-04
-3.827505615293866890e-04
-3.482230283077070252e-04
-3.136190274677222228e-04
-2.789461578334099384e-04
-2.442120333520352168e-04
-2.094242814220160815e-04
-1.745905412180256576e-04
-1.397184620134771650e-04
-1.048157015007905130e-04
-6.988992410981070868e-05
-3.494879932474677766e-05
0.000000000000000000e+00
3.494879932474670989e-05
6.988992410981074933e-05
1.048157015007904045e-04
1.397184620134770837e-04
1.745905412180256033e-04
2.094242814220167049e-04
2.442120333520352168e-04
2.789461578334099384e-04
3.136190274677221686e-04
3.482230283077387923e-04
3.827505615293866348e-04
4.171940451004079093e-04
4.515459154453267221e-04
4.857986291063640756e-04
5.199446643999336643e-04
5.539765230683576938e-04
5.878867319264372395e-04
6.216678445025179472e-04
6.553124426736884126e-04
6.888131382947542628e-04
7.221625748206291807e-04
7.553534289217958162e-04
7.883784120924176506e-04
8.212302722509405919e-04
8.539017953325145913e-04
8.863858068732031852e-04
9.186751735854416841e-04
9.507628049244626562e-04
9.826416546453370978e-04
1.014304722350284132e-03
1.045745055025916383e-03
1.076955748570077986e-03
1.107929949307942920e-03
1.138660855497039635e-03
1.169141718820871159e-03
1.199365845870803068e-03
1.229326599615895767e-03
1.259017400860349767e-03
1.288431729688282274e-03
1.317563126895406403e-03
1.346405195407488322e-03
1.374951601685075802e-03
1.403196077114309513e-03
1.431132419383475103e-03
1.458754493844987296e-03
1.486056234862525834e-03
1.513031647143007552e-03
1.539674807053116601e-03
1.565979863920099633e-03
1.591941041316534324e-03
1.617552638328798422e-03
1.642809030808955063e-03
1.667704672609781778e-03
1.692234096802665419e-03
1.716391916878119055e-03
1.740172827928601878e-03
1.763571607813469279e-03
1.786583118305707903e-03
1.809202306220262678e-03
1.831424204523685213e-03
1.853243933424862004e-03
1.874656701446587815e-03
1.895657806477743989e-03
1.916242636805851832e-03
1.936406672129778158e-03
1.956145484552362923e-03
1.975454739552759929e-03
1.994330196938269399e-03
2.012767711775459260e-03
2.030763235300362193e-03
2.048312815807580393e-03
2.065412599518011167e-03
2.082058831425158667e-03
2.098247856119687428e-03
2.113976118592129222e-03
2.129240165013546356e-03
2.144036643493966651e-03
2.158362304818439627e-03
2.172214003160544745e-03
2.185588696773191689e-03
2.198483448656574774e-03
2.210895427203115379e-03
2.222821906819266204e-03
2.234260268524036405e-03
2.245208000524102736e-03
2.255662698765373547e-03
2.265622067460953178e-03
2.275083919595185817e-03
2.284046177404006062e-03
2.292506872831157755e-03
2.300464147960372147e-03
2.307916255423358813e-03
2.314861558783514340e-03
2.321298532895275067e-03
2.327225764239030173e-03
2.332641951231518782e-03
2.337545904511652110e-03
2.341936547201690835e-03
2.345812915143717387e-03
2.349174157111360694e-03
2.352019534996721735e-03
2.354348423972458734e-03
2.356160312628980801e-03
2.357454803086779082e-03
2.358231611083770954e-03
2.358490566037736193e-03
2.358231611083771388e-03
2.357454803086779082e-03
2.356160312628980801e-03
2.354348423972456132e-03
2.352019534996721735e-03
2.349174157111360694e-03
2.345812915143716954e-03
2.341936547201690835e-03
2.337545904511652978e-03
2.332641951231519215e-03
2.327225764239030173e-03
2.321298532895277236e-03
2.314861558783514340e-03
2.307916255423358379e-03
2.300464147960371714e-03
2.292506872831157755e-03
2.284046177404006495e-03
2.275083919595185817e-03
2.265622067460953178e-03
2.255662698765383088e-03
2.245208000524102736e-03
2.234260268524035972e-03
2.222821906819265770e-03
2.210895427203115379e-03
2.198483448656575207e-03
2.185588696773192122e-03
2.172214003160544311e-03
2.158362304818439627e-03
2.144036643493966218e-03
2.129240165013545922e-03
2.113976118592128788e-03
2.098247856119686994e-03
2.082058831425159101e-03
2.065412599518011167e-03
2.048312815807580393e-03
2.030763235300366530e-03
2.012767711775458827e-03
1.994330196938268965e-03
1.975454739552759496e-03
1.956145484552362489e-03
1.936406672129778158e-03
1.916242636805852049e-03
1.895657806477743989e-03
1.874656701446586948e-03
1.853243933424862004e-03
1.831424204523684780e-03
1.809202306220262461e-03
1.786583118305707903e-03
1.763571607813469496e-03
1.740172827928602095e-03
1.716391916878118621e-03
1.692234096802667587e-03
1.667704672609781778e-03
1.642809030808955063e-03
1.617552638328798205e-03
1.591941041316534324e-03
1.565979863920100067e-03
1.539674807053117035e-03
1.513031647143007769e-03
1.486056234862525400e-03
1.458754493844987296e-03
1.431132419383475103e-03
1.403196077114309730e-03
1.374951601685075802e-03
1.346405195407488755e-03
1.317563126895407053e-03
1.288431729688282491e-03
1.259017400860355188e-03
1.229326599615895767e-03
1.199365845870803068e-03
1.169141718820871159e-03
1.138660855497040068e-03
1.107929949307943137e-03
1.076955748570077986e-03
1.045745055025916383e-03
1.014304722350274374e-03
9.826416546453370978e-04
9.507628049244627646e-04
9.186751735854415757e-04
8.863858068732031852e-04
8.539017953325145913e-04
8.212302722509407004e-04
7.883784120924176506e-04
7.553534289217868174e-04
7.221625748206291807e-04
6.888131382947541544e-04
6.553124426736883041e-04
6.216678445025179472e-04
5.878867319264374563e-04
5.539765230683576938e-04
5.199446643999336643e-04
4.857986291063661356e-04
4.515459154453268847e-04
4.171940451004079635e-04
3.827505615293867432e-04
3.482230283077388465e-04
3.136190274677223312e-04
2.789461578334100468e-04
2.442120333520352710e-04
2.094242814220161086e-04
1.745905412180256576e-04
1.397184620134771650e-04
1.048157015007904723e-04
6.988992410981074933e-05
3.494879932474690641e-05
6.546126324440781239e-20
-3.494879932474664213e-05
-6.988992410981709192e-05
-1.048157015007904316e-04
-1.397184620134770837e-04
-1.745905412180256033e-04
-2.094242814220160002e-04
-2.442120333520351625e-04
-2.789461578334098842e-04
-3.136190274677221144e-04
-3.482230283077386839e-04
-3.827505615293866890e-04
-4.171940451004078551e-04
-4.515459154453267221e-04
-4.857986291063640756e-04
-5.199446643999336643e-04
-5.539765230683576938e-04
-5.878867319264373479e-04
-6.216678445025190314e-04
-6.553124426736883041e-04
-6.888131382947542628e-04
-7.221625748206291807e-04
-7.553534289217868174e-04
-7.883784120924176506e-04
-8.212302722509405919e-04
-8.539017953325144829e-04
-8.863858068732031852e-04
-9.186751735854415757e-04
-9.507628049244626562e-04
-9.826416546453368810e-04
-1.014304722350284132e-03
-1.045745055025916383e-03
-1.076955748570077769e-03
-1.107929949307942920e-03
-1.138660855497040068e-03
-1.169141718820870942e-03
-1.199365845870802852e-03
-1.229326599615895767e-03
-1.259017400860355405e-03
-1.288431729688282274e-03
-1.317563126895406620e-03
-1.346405195407488539e-03
-1.374951601685075369e-03
-1.403196077114309513e-03
-1.431132419383474670e-03
-1.458754493844987296e-03
-1.486056234862526051e-03
-1.513031647143007769e-03
-1.539674807053117035e-03
-1.565979863920099850e-03
-1.591941041316542564e-03
-1.617552638328798422e-03
-1.642809030808955279e-03
-1.667704672609781995e-03
-1.692234096802667804e-03
-1.716391916878119055e-03
-1.740172827928602095e-03
-1.763571607813469279e-03
-1.786583118305707469e-03
-1.809202306220262678e-03
-1.831424204523684780e-03
-1.853243933424861571e-03
-1.874656701446588032e-03
-1.895657806477743989e-03
-1.916242636805852049e-03
-1.936406672129777941e-03
-1.956145484552368995e-03
-1.975454739552759496e-03
-1.994330196938268965e-03
-2.012767711775458827e-03
-2.030763235300366964e-03
-2.048312815807580393e-03
-2.065412599518011167e-03
-2.082058831425158667e-03
-2.098247856119686561e-03
-2.113976118592128788e-03
-2.129240165013545922e-03
-2.144036643493965784e-03
-2.158362304818439627e-03
-2.172214003160544745e-03
-2.185588696773191689e-03
-2.198483448656575207e-03
-2.210895427203119715e-03
-2.222821906819265770e-03
-2.234260268524036405e-03
-2.245208000524102302e-03
-2.255662698765383088e-03
-2.265622067460953178e-03
-2.275083919595185817e-03
-2.284046177404006062e-03
-2.292506872831157321e-03
-2.300464147960371714e-03
-2.307916255423358379e-03
-2.314861558783514340e-03
-2.321298532895275501e-03
-2.327225764239030173e-03
-2.332641951231518782e-03
-2.337545904511652544e-03
-2.341936547201697340e-03
-2.345812915143716954e-03
-2.349174157111360694e-03
-2.352019534996721735e-03
-2.354348423972456132e-03
-2.356160312628980801e-03
-2.357454803086779082e-03
-2.358231611083770954e-03
-2.358490566037735325e-03
-2.358231611083770520e-03
-2.357454803086778648e-03
-2.356160312628980368e-03
-2.354348423972456132e-03
-2.352019534996722169e-03
-2.349174157111360694e-03
-2.345812915143716954e-03
-2.341936547201697340e-03
-2.337545904511652544e-03
-2.332641951231518782e-03
-2.327225764239030173e-03
-2.321298532895275501e-03
-2.314861558783514340e-03
-2.307916255423358379e-03
-2.300464147960371714e-03
-2.292506872831157321e-03
-2.284046177404006062e-03
-2.275083919595184950e-03
-2.265622067460952311e-03
-2.255662698765383088e-03
-2.245208000524102736e-03
-2.234260268524036405e-03
-2.222821906819265770e-03
-2.210895427203119715e-03
-2.198483448656575207e-03
-2.185588696773191689e-03
-2.172214003160544311e-03
-2.158362304818440061e-03
-2.144036643493966651e-03
-2.129240165013545922e-03
-2.113976118592128788e-03
-2.098247856119686994e-03
-2.082058831425159101e-03
-2.065412599518011167e-03
-2.048312815807580393e-03
-2.030763235300366530e-03
-2.012767711775459260e-03
-1.994330196938268965e-03
-1.975454739552759496e-03
-1.956145484552368995e-03
-1.936406672129777941e-03
-1.916242636805851832e-03
-1.895657806477743772e-03
-1.874656701446587815e-03
-1.853243933424861571e-03
-1.831424204523684780e-03
-1.809202306220262461e-03
-1.786583118305707252e-03
-1.763571607813469279e-03
-1.740172827928601661e-03
-1.716391916878118621e-03
-1.692234096802667804e-03
-1.667704672609781995e-03
-1.642809030808955279e-03
-1.617552638328798205e-03
-1.591941041316542564e-03
-1.565979863920100067e-03
-1.539674807053117035e-03
-1.513031647143007769e-03
-1.486056234862526051e-03
-1.458754493844987730e-03
-1.431132419383475320e-03
-1.403196077114309730e-03
-1.374951601685075802e-03
-1.346405195407488539e-03
-1.317563126895406620e-03
-1.288431729688282274e-03
-1.259017400860355405e-03
-1.229326599615896201e-03
-1.199365845870803068e-03
-1.169141718820871159e-03
-1.138660855497040068e-03
-1.107929949307943137e-03
-1.076955748570077769e-03
-1.045745055025916167e-03
-1.014304722350284132e-03
-9.826416546453370978e-04
-9.507628049244628730e-04
-9.186751735854415757e-04
-8.863858068732030767e-04
-8.539017953325145913e-04
-8.212302722509403751e-04
-7.883784120924175421e-04
-7.553534289217867089e-04
-7.221625748206295060e-04
-6.888131382947542628e-04
-6.553124426736884126e-04
-6.216678445025190314e-04
-5.878867319264372395e-04
-5.539765230683576938e-04
-5.199446643999335559e-04
-4.857986291063641298e-04
-4.515459154453268305e-04
-4.171940451004079635e-04
-3.827505615293866348e-04
-3.482230283077386839e-04
-3.136190274677221686e-04
-2.789461578334098842e-04
-2.442120333520351625e-04
-2.094242814220159731e-04
-1.745905412180257389e-04
-1.397184620134770295e-04
-1.048157015007903503e-04
-6.988992410981709192e-05
-3.494879932474674378e-05
0.000000000000000000e+00
3.494879932474675055e-05
6.988992410981069512e-05
1.048157015007904045e-04
1.397184620134770837e-04
1.745905412180256033e-04
2.094242814220160273e-04
2.442120333520352168e-04
2.789461578334098842e-04
3.136190274677221686e-04
3.482230283077387923e-04
3.827505615293866348e-04
4.171940451004079093e-04
4.515459154453267763e-04
4.857986291063661356e-04
5.199446643999337727e-04
5.539765230683578023e-04
5.878867319264374563e-04
6.216678445025180556e-04
6.553124426736884126e-04
6.888131382947543712e-04
7.221625748206292892e-04
7.553534289217869258e-04
7.883784120924177590e-04
8.212302722509405919e-04
8.539017953325145913e-04
8.863858068732031852e-04
9.186751735854416841e-04
9.507628049244628730e-04
9.826416546453370978e-04
1.014304722350274374e-03
1.045745055025916167e-03
1.076955748570077769e-03
1.107929949307943137e-03
1.138660855497039635e-03
1.169141718820871159e-03
1.199365845870803068e-03
1.229326599615895767e-03
1.259017400860355405e-03
1.288431729688282274e-03
1.317563126895406620e-03
1.346405195407488539e-03
1.374951601685075802e-03
1.403196077114309730e-03
1.431132419383475103e-03
1.458754493844987730e-03
1.486056234862525400e-03
1.513031647143007769e-03
1.539674807053117035e-03
1.565979863920099850e-03
1.591941041316534541e-03
1.617552638328798422e-03
1.642809030808955496e-03
1.667704672609781995e-03
1.692234096802667804e-03
1.716391916878119055e-03
1.740172827928601878e-03
1.763571607813469279e-03
1.786583118305707903e-03
1.809202306220262678e-03
1.831424204523684780e-03
1.853243933424862004e-03
1.874656701446586948e-03
1.895657806477743989e-03
1.916242636805852049e-03
1.936406672129778158e-03
1.956145484552362923e-03
1.975454739552759496e-03
1.994330196938268965e-03
2.012767711775459260e-03
2.030763235300366530e-03
2.048312815807580393e-03
2.065412599518011167e-03
2.082058831425158667e-03
2.098247856119686561e-03
2.113976118592129222e-03
2.129240165013545922e-03
2.144036643493966651e-03
2.158362304818439627e-03
2.172214003160544311e-03
2.185588696773191689e-03
2.198483448656575207e-03
2.210895427203115379e-03
2.222821906819265770e-03
2.234260268524036405e-03
2.245208000524102736e-03
2.255662698765383088e-03
2.265622067460953178e-03
2.275083919595185383e-03
2.284046177404005628e-03
2.292506872831157321e-03
2.300464147960372147e-03
2.307916255423358379e-03
2.314861558783514340e-03
2.321298532895277236e-03
2.327225764239030173e-03
2.332641951231518782e-03
2.337545904511652544e-03
2.341936547201690835e-03
2.345812915143717387e-03
2.349174157111360694e-03
2.352019534996722169e-03
2.354348423972456132e-03
2.356160312628980801e-03
2.357454803086779082e-03
2.358231611083770520e-03
2.358490566037735759e-03
2.358231611083771388e-03
2.357454803086779082e-03
2.356160312628980801e-03
2.354348423972458734e-03
2.352019534996722169e-03
2.349174157111360694e-03
2.345812915143716954e-03
2.341936547201691268e-03
2.337545904511652978e-03
2.332641951231519215e-03
2.327225764239030173e-03
2.321298532895275501e-03
2.314861558783514340e-03
2.307916255423358379e-03
2.300464147960371714e-03
2.292506872831157755e-03
2.284046177404006495e-03
2.275083919595185817e-03
2.265622067460953178e-03
2.255662698765373547e-03
2.245208000524102302e-03
2.234260268524036405e-03
2.222821906819265770e-03
2.210895427203115379e-03
2.198483448656575207e-03
2.185588696773192122e-03
2.172214003160544745e-03
2.158362304818439627e-03
2.144036643493966218e-03
2.129240165013545922e-03
2.113976118592128788e-03
2.098247856119686994e-03
2.082058831425159535e-03
2.065412599518011167e-03
2.048312815807580393e-03
2.030763235300362193e-03
2.012767711775459260e-03
1.994330196938269399e-03
1.975454739552759496e-03
1.956145484552362923e-03
1.936406672129778374e-03
1.916242636805852266e-03
1.895657806477743989e-03
1.874656701446587815e-03
1.853243933424862004e-03
1.831424204523684780e-03
1.809202306220262461e-03
1.786583118305707903e-03
1.763571607813469496e-03
1.740172827928602095e-03
1.716391916878119272e-03
1.692234096802665419e-03
1.667704672609781778e-03
1.642809030808955279e-03
1.617552638328798205e-03
1.591941041316534324e-03
1.565979863920099850e-03
1.539674807053117251e-03
1.513031647143007769e-03
1.486056234862526051e-03
1.458754493844987296e-03
1.431132419383474670e-03
1.403196077114309513e-03
1.374951601685075369e-03
1.346405195407488539e-03
1.317563126895406620e-03
1.288431729688282274e-03
1.259017400860349767e-03
1.229326599615895767e-03
1.199365845870802852e-03
1.169141718820870725e-03
1.138660855497039852e-03
1.107929949307942920e-03
1.076955748570077986e-03
1.045745055025916383e-03
1.014304722350283698e-03
9.826416546453368810e-04
9.507628049244624393e-04
9.186751735854411420e-04
8.863858068732030767e-04
8.539017953325145913e-04
8.212302722509403751e-04
7.883784120924173253e-04
7.553534289217958162e-04
7.221625748206292892e-04
6.888131382947542628e-04
6.553124426736884126e-04
6.216678445025179472e-04
5.878867319264374563e-04
5.539765230683576938e-04
5.199446643999336643e-04
4.857986291063640214e-04
4.515459154453267763e-04
4.171940451004079093e-04
3.827505615293866890e-04
3.482230283077386839e-04
3.136190274677223312e-04
2.789461578334099384e-04
2.442120333520351625e-04
2.094242814220167049e-04
1.745905412180256305e-04
1.397184620134771108e-04
1.048157015007904723e-04
6.988992410981076289e-05
3.494879932474680476e-05
6.546126324440781239e-20
-3.494879932474667601e-05
-6.988992410981068157e-05
-1.048157015007904452e-04
-1.397184620134770295e-04
-1.745905412180255762e-04
-2.094242814220159731e-04
-2.442120333520351083e-04
-2.789461578334098842e-04
-3.136190274677221144e-04
-3.482230283077070252e-04
-3.827505615293866890e-04
-4.171940451004079093e-04
-4.515459154453267763e-04
-4.857986291063641298e-04
-5.199446643999337727e-04
-5.539765230683578023e-04
-5.878867319264374563e-04
-6.216678445025180556e-04
-6.553124426736884126e-04
-6.888131382947542628e-04
-7.221625748206291807e-04
-7.553534289217869258e-04
-7.883784120924177590e-04
-8.212302722509407004e-04
-8.539017953325145913e-04
-8.863858068731835611e-04
-9.186751735854417926e-04
-9.507628049244628730e-04
-9.826416546453370978e-04
-1.014304722350284349e-03
-1.045745055025916383e-03
-1.076955748570078203e-03
-1.107929949307943137e-03
-1.138660855497039852e-03
-1.169141718820871159e-03
-1.199365845870803068e-03
-1.229326599615895767e-03
-1.259017400860355405e-03
-1.288431729688282491e-03
-1.317563126895406620e-03
-1.346405195407488539e-03
-1.374951601685055636e-03
-1.403196077114309730e-03
-1.431132419383475103e-03
-1.458754493844987730e-03
-1.486056234862526484e-03
-1.513031647143007769e-03
-1.539674807053117251e-03
-1.565979863920099850e-03
-1.591941041316534324e-03
-1.617552638328798205e-03
-1.642809030808955279e-03
-1.667704672609781995e-03
-1.692234096802667804e-03
-1.716391916878119055e-03
-1.740172827928602095e-03
-1.763571607813469496e-03
-1.786583118305673209e-03
-1.809202306220262461e-03
-1.831424204523684780e-03
-1.853243933424861354e-03
-1.874656701446587815e-03
-1.895657806477743989e-03
-1.916242636805852049e-03
-1.936406672129777941e-03
-1.956145484552362489e-03
-1.975454739552759496e-03
-1.994330196938268532e-03
-2.012767711775458827e-03
-2.030763235300366530e-03
-2.048312815807580393e-03
-2.065412599518011167e-03
-2.082058831425158667e-03
-2.098247856119666178e-03
-2.113976118592129222e-03
-2.129240165013545922e-03
-2.144036643493966218e-03
-2.158362304818440061e-03
-2.172214003160545179e-03
-2.185588696773192556e-03
-2.198483448656575207e-03
-2.210895427203115379e-03
-2.222821906819266204e-03
-2.234260268524036405e-03
-2.245208000524102302e-03
-2.255662698765383088e-03
-2.265622067460953612e-03
-2.275083919595185817e-03
-2.284046177404006062e-03
-2.292506872831194184e-03
-2.300464147960371714e-03
-2.307916255423358379e-03
-2.314861558783513906e-03
-2.321298532895275501e-03
-2.327225764239030173e-03
-2.332641951231518782e-03
-2.337545904511652110e-03
-2.341936547201690835e-03
-2.345812915143716954e-03
-2.349174157111360694e-03
-2.352019534996721735e-03
-2.354348423972456132e-03
-2.356160312628980801e-03
-2.357454803086779082e-03
-2.358231611083770954e-03
